0,200000
0,250000
1997,250000
1997,249972
1014,249972
1014,249876
1997,249876
1997,249796
1917,249796
1917,249412
1997,249412
1997,249332
1014,249332
1014,249236
2340,249236
2340,249084
2317,249084
2317,248844
2334,248844
2334,248692
1014,248692
1014,248596
1997,248596
1997,248516
1917,248516
1917,248132
1997,248132
1997,248052
1014,248052
1014,247956
1997,247956
1997,247876
1917,247876
1917,247492
1997,247492
1997,247412
1014,247412
1014,247316
1997,247316
1997,247236
1917,247236
1917,246852
1997,246852
1997,246772
1014,246772
1014,246676
1997,246676
1997,246596
1917,246596
1917,246212
1997,246212
1997,246132
1014,246132
1014,246036
1997,246036
1997,245956
1917,245956
1917,245572
1997,245572
1997,245492
1014,245492
1014,245396
1997,245396
1997,245316
1917,245316
1917,244932
1997,244932
1997,244852
1014,244852
1014,244756
1997,244756
1997,244676
1917,244676
1917,244292
1997,244292
1997,244212
1014,244212
1014,244116
1997,244116
1997,244036
1917,244036
1917,243652
1997,243652
1997,243572
1014,243572
1014,243476
1997,243476
1997,243396
1917,243396
1917,243012
1997,243012
1997,242932
1014,242932
1014,242836
5197,242836
5197,242756
5117,242756
5117,242372
5197,242372
5197,242292
4865,242292
4865,242639
4757,242639
4757,242292
4705,242292
4705,242639
4597,242639
4597,242292
4545,242292
4545,242639
4437,242639
4437,242292
4385,242292
4385,242639
4277,242639
4277,242292
4225,242292
4225,242639
4117,242639
4117,242292
4065,242292
4065,242639
3957,242639
3957,242292
3905,242292
3905,242639
3797,242639
3797,242292
3745,242292
3745,242740
3157,242740
3157,242292
3105,242292
3105,242639
2997,242639
2997,242292
2945,242292
2945,242639
2837,242639
2837,242292
2785,242292
2785,242639
2677,242639
2677,242292
2625,242292
2625,242639
2517,242639
2517,242292
2465,242292
2465,242639
2357,242639
2357,242292
2305,242292
2305,242639
2197,242639
2197,242292
2145,242292
2145,242639
2037,242639
2037,242292
1014,242292
1014,242196
2037,242196
2037,241849
2145,241849
2145,242196
2197,242196
2197,241849
2305,241849
2305,242196
2357,242196
2357,241849
2465,241849
2465,242196
2517,242196
2517,241849
2625,241849
2625,242196
2677,242196
2677,241849
2785,241849
2785,242196
2837,242196
2837,241849
2945,241849
2945,242196
2997,242196
2997,241849
3105,241849
3105,242196
3157,242196
3157,241849
3265,241849
3265,242612
3637,242612
3637,241849
3745,241849
3745,242196
3797,242196
3797,241849
3905,241849
3905,242196
3957,242196
3957,241849
4065,241849
4065,242196
4117,242196
4117,241849
4225,241849
4225,242196
4277,242196
4277,241849
4385,241849
4385,242196
4437,242196
4437,241849
4545,241849
4545,242196
4597,242196
4597,241849
4705,241849
4705,242196
4757,242196
4757,241849
4865,241849
4865,242196
5197,242196
5197,242116
5117,242116
5117,241732
5197,241732
5197,241652
4582,241652
4582,241812
3531,241812
3531,242572
3371,242572
3371,241812
2319,241812
2319,241652
1014,241652
1014,241556
1997,241556
1997,241476
1917,241476
1917,241092
1997,241092
1997,241012
1014,241012
1014,240916
1997,240916
1997,240836
1917,240836
1917,240452
1997,240452
1997,240372
1014,240372
1014,240276
1997,240276
1997,240196
1917,240196
1917,239812
1997,239812
1997,239732
1014,239732
1014,239636
1997,239636
1997,239556
1917,239556
1917,239172
1997,239172
1997,239092
1014,239092
1014,238996
1997,238996
1997,238916
1917,238916
1917,238532
1997,238532
1997,238452
1014,238452
1014,238356
1997,238356
1997,238276
1917,238276
1917,237892
1997,237892
1997,237812
1014,237812
1014,237716
5197,237716
5197,237636
5117,237636
5117,237252
5197,237252
5197,237172
4865,237172
4865,237519
4757,237519
4757,237172
4705,237172
4705,237519
4597,237519
4597,237172
4545,237172
4545,237519
4437,237519
4437,237172
4385,237172
4385,237519
4277,237519
4277,237172
4225,237172
4225,237519
4117,237519
4117,237172
4065,237172
4065,237519
3957,237519
3957,237172
3905,237172
3905,237519
3797,237519
3797,237172
3745,237172
3745,237620
3157,237620
3157,237172
3105,237172
3105,237519
2997,237519
2997,237172
2945,237172
2945,237519
2837,237519
2837,237172
2785,237172
2785,237519
2677,237519
2677,237172
2625,237172
2625,237519
2517,237519
2517,237172
2465,237172
2465,237519
2357,237519
2357,237172
2305,237172
2305,237519
2197,237519
2197,237172
2145,237172
2145,237519
2037,237519
2037,237172
1014,237172
1014,237076
2037,237076
2037,236729
2145,236729
2145,237076
2197,237076
2197,236729
2305,236729
2305,237076
2357,237076
2357,236729
2465,236729
2465,237076
2517,237076
2517,236729
2625,236729
2625,237076
2677,237076
2677,236729
2785,236729
2785,237076
2837,237076
2837,236729
2945,236729
2945,237076
2997,237076
2997,236729
3105,236729
3105,237076
3157,237076
3157,236729
3265,236729
3265,237492
3637,237492
3637,236729
3745,236729
3745,237076
3797,237076
3797,236729
3905,236729
3905,237076
3957,237076
3957,236729
4065,236729
4065,237076
4117,237076
4117,236729
4225,236729
4225,237076
4277,237076
4277,236729
4385,236729
4385,237076
4437,237076
4437,236729
4545,236729
4545,237076
4597,237076
4597,236729
4705,236729
4705,237076
4757,237076
4757,236729
4865,236729
4865,237076
5197,237076
5197,236996
5117,236996
5117,236612
5197,236612
5197,236532
4582,236532
4582,236692
3531,236692
3531,237452
3371,237452
3371,236692
2319,236692
2319,236532
1014,236532
1014,236436
1997,236436
1997,236356
1917,236356
1917,235972
1997,235972
1997,235892
1014,235892
1014,235796
1997,235796
1997,235716
1917,235716
1917,235332
1997,235332
1997,235252
1014,235252
1014,235156
1899,235156
1899,235044
1917,235044
1917,234724
1899,234724
1899,234612
1014,234612
1014,234516
1997,234516
1997,234436
1917,234436
1917,234052
1997,234052
1997,233972
1014,233972
1014,233876
1997,233876
1997,233796
1917,233796
1917,233412
1997,233412
1997,233332
1014,233332
1014,233236
1997,233236
1997,233156
1917,233156
1917,232772
1997,232772
1997,232692
1014,232692
1014,232596
1997,232596
1997,232516
1917,232516
1917,232132
1997,232132
1997,232052
1014,232052
1014,231956
1997,231956
1997,231876
1917,231876
1917,231492
1997,231492
1997,231412
1014,231412
1014,231316
8397,231316
8397,231236
8317,231236
8317,230852
8397,230852
8397,230772
8065,230772
8065,231119
7957,231119
7957,230772
7905,230772
7905,231119
7797,231119
7797,230772
7745,230772
7745,231119
7637,231119
7637,230772
7585,230772
7585,231119
7477,231119
7477,230772
7425,230772
7425,231119
7317,231119
7317,230772
7265,230772
7265,231119
7157,231119
7157,230772
7105,230772
7105,231119
6997,231119
6997,230772
6945,230772
6945,231220
6357,231220
6357,230772
6305,230772
6305,231119
6197,231119
6197,230772
6145,230772
6145,231119
6037,231119
6037,230772
5985,230772
5985,231119
5877,231119
5877,230772
5825,230772
5825,231119
5717,231119
5717,230772
5665,230772
5665,231119
5557,231119
5557,230772
5505,230772
5505,231119
5397,231119
5397,230772
5345,230772
5345,231119
5237,231119
5237,230772
4865,230772
4865,231119
4757,231119
4757,230772
4705,230772
4705,231119
4597,231119
4597,230772
4545,230772
4545,231119
4437,231119
4437,230772
4385,230772
4385,231119
4277,231119
4277,230772
4225,230772
4225,231119
4117,231119
4117,230772
4065,230772
4065,231119
3957,231119
3957,230772
3905,230772
3905,231119
3797,231119
3797,230772
3745,230772
3745,231220
3157,231220
3157,230772
3105,230772
3105,231119
2997,231119
2997,230772
2945,230772
2945,231119
2837,231119
2837,230772
2785,230772
2785,231119
2677,231119
2677,230772
2625,230772
2625,231119
2517,231119
2517,230772
2465,230772
2465,231119
2357,231119
2357,230772
2305,230772
2305,231119
2197,231119
2197,230772
2145,230772
2145,231119
2037,231119
2037,230772
1014,230772
1014,230676
2037,230676
2037,230329
2145,230329
2145,230676
2197,230676
2197,230329
2305,230329
2305,230676
2357,230676
2357,230329
2465,230329
2465,230676
2517,230676
2517,230329
2625,230329
2625,230676
2677,230676
2677,230329
2785,230329
2785,230676
2837,230676
2837,230329
2945,230329
2945,230676
2997,230676
2997,230329
3105,230329
3105,230676
3157,230676
3157,230329
3265,230329
3265,231092
3637,231092
3637,230329
3745,230329
3745,230676
3797,230676
3797,230329
3905,230329
3905,230676
3957,230676
3957,230329
4065,230329
4065,230676
4117,230676
4117,230329
4225,230329
4225,230676
4277,230676
4277,230329
4385,230329
4385,230676
4437,230676
4437,230329
4545,230329
4545,230676
4597,230676
4597,230329
4705,230329
4705,230676
4757,230676
4757,230329
4865,230329
4865,230676
5237,230676
5237,230329
5345,230329
5345,230676
5397,230676
5397,230329
5505,230329
5505,230676
5557,230676
5557,230329
5665,230329
5665,230676
5717,230676
5717,230329
5825,230329
5825,230676
5877,230676
5877,230329
5985,230329
5985,230676
6037,230676
6037,230329
6145,230329
6145,230676
6197,230676
6197,230329
6305,230329
6305,230676
6357,230676
6357,230329
6465,230329
6465,231092
6837,231092
6837,230329
6945,230329
6945,230676
6997,230676
6997,230329
7105,230329
7105,230676
7157,230676
7157,230329
7265,230329
7265,230676
7317,230676
7317,230329
7425,230329
7425,230676
7477,230676
7477,230329
7585,230329
7585,230676
7637,230676
7637,230329
7745,230329
7745,230676
7797,230676
7797,230329
7905,230329
7905,230676
7957,230676
7957,230329
8065,230329
8065,230676
8397,230676
8397,230596
8317,230596
8317,230212
8397,230212
8397,230132
7782,230132
7782,230292
6731,230292
6731,231052
6571,231052
6571,230292
5519,230292
5519,230132
4582,230132
4582,230292
3531,230292
3531,231052
3371,231052
3371,230292
2319,230292
2319,230132
1014,230132
1014,230036
5197,230036
5197,229956
5117,229956
5117,229572
5197,229572
5197,229492
4865,229492
4865,229839
4757,229839
4757,229492
4705,229492
4705,229839
4597,229839
4597,229492
4545,229492
4545,229839
4437,229839
4437,229492
4385,229492
4385,229839
4277,229839
4277,229492
4225,229492
4225,229839
4117,229839
4117,229492
4065,229492
4065,229839
3957,229839
3957,229492
3905,229492
3905,229839
3797,229839
3797,229492
3745,229492
3745,229940
3157,229940
3157,229492
3105,229492
3105,229839
2997,229839
2997,229492
2945,229492
2945,229839
2837,229839
2837,229492
2785,229492
2785,229839
2677,229839
2677,229492
2625,229492
2625,229839
2517,229839
2517,229492
2465,229492
2465,229839
2357,229839
2357,229492
2305,229492
2305,229839
2197,229839
2197,229492
2145,229492
2145,229839
2037,229839
2037,229492
1014,229492
1014,229396
2037,229396
2037,229049
2145,229049
2145,229396
2197,229396
2197,229049
2305,229049
2305,229396
2357,229396
2357,229049
2465,229049
2465,229396
2517,229396
2517,229049
2625,229049
2625,229396
2677,229396
2677,229049
2785,229049
2785,229396
2837,229396
2837,229049
2945,229049
2945,229396
2997,229396
2997,229049
3105,229049
3105,229396
3157,229396
3157,229049
3265,229049
3265,229812
3637,229812
3637,229049
3745,229049
3745,229396
3797,229396
3797,229049
3905,229049
3905,229396
3957,229396
3957,229049
4065,229049
4065,229396
4117,229396
4117,229049
4225,229049
4225,229396
4277,229396
4277,229049
4385,229049
4385,229396
4437,229396
4437,229049
4545,229049
4545,229396
4597,229396
4597,229049
4705,229049
4705,229396
4757,229396
4757,229049
4865,229049
4865,229396
5197,229396
5197,229316
5117,229316
5117,228932
5197,228932
5197,228852
4582,228852
4582,229012
3531,229012
3531,229772
3371,229772
3371,229012
2319,229012
2319,228852
1014,228852
1014,228756
8397,228756
8397,228676
8317,228676
8317,228292
8397,228292
8397,228212
8065,228212
8065,228559
7957,228559
7957,228212
7905,228212
7905,228559
7797,228559
7797,228212
7745,228212
7745,228559
7637,228559
7637,228212
7585,228212
7585,228559
7477,228559
7477,228212
7425,228212
7425,228559
7317,228559
7317,228212
7265,228212
7265,228559
7157,228559
7157,228212
7105,228212
7105,228559
6997,228559
6997,228212
6945,228212
6945,228660
6357,228660
6357,228212
6305,228212
6305,228559
6197,228559
6197,228212
6145,228212
6145,228559
6037,228559
6037,228212
5985,228212
5985,228559
5877,228559
5877,228212
5825,228212
5825,228559
5717,228559
5717,228212
5665,228212
5665,228559
5557,228559
5557,228212
5505,228212
5505,228559
5397,228559
5397,228212
5345,228212
5345,228559
5237,228559
5237,228212
4865,228212
4865,228559
4757,228559
4757,228212
4705,228212
4705,228559
4597,228559
4597,228212
4545,228212
4545,228559
4437,228559
4437,228212
4385,228212
4385,228559
4277,228559
4277,228212
4225,228212
4225,228559
4117,228559
4117,228212
4065,228212
4065,228559
3957,228559
3957,228212
3905,228212
3905,228559
3797,228559
3797,228212
3745,228212
3745,228660
3157,228660
3157,228212
3105,228212
3105,228559
2997,228559
2997,228212
2945,228212
2945,228559
2837,228559
2837,228212
2785,228212
2785,228559
2677,228559
2677,228212
2625,228212
2625,228559
2517,228559
2517,228212
2465,228212
2465,228559
2357,228559
2357,228212
2305,228212
2305,228559
2197,228559
2197,228212
2145,228212
2145,228559
2037,228559
2037,228212
1014,228212
1014,228116
2037,228116
2037,227769
2145,227769
2145,228116
2197,228116
2197,227769
2305,227769
2305,228116
2357,228116
2357,227769
2465,227769
2465,228116
2517,228116
2517,227769
2625,227769
2625,228116
2677,228116
2677,227769
2785,227769
2785,228116
2837,228116
2837,227769
2945,227769
2945,228116
2997,228116
2997,227769
3105,227769
3105,228116
3157,228116
3157,227769
3265,227769
3265,228532
3637,228532
3637,227769
3745,227769
3745,228116
3797,228116
3797,227769
3905,227769
3905,228116
3957,228116
3957,227769
4065,227769
4065,228116
4117,228116
4117,227769
4225,227769
4225,228116
4277,228116
4277,227769
4385,227769
4385,228116
4437,228116
4437,227769
4545,227769
4545,228116
4597,228116
4597,227769
4705,227769
4705,228116
4757,228116
4757,227769
4865,227769
4865,228116
5237,228116
5237,227769
5345,227769
5345,228116
5397,228116
5397,227769
5505,227769
5505,228116
5557,228116
5557,227769
5665,227769
5665,228116
5717,228116
5717,227769
5825,227769
5825,228116
5877,228116
5877,227769
5985,227769
5985,228116
6037,228116
6037,227769
6145,227769
6145,228116
6197,228116
6197,227769
6305,227769
6305,228116
6357,228116
6357,227769
6465,227769
6465,228532
6837,228532
6837,227769
6945,227769
6945,228116
6997,228116
6997,227769
7105,227769
7105,228116
7157,228116
7157,227769
7265,227769
7265,228116
7317,228116
7317,227769
7425,227769
7425,228116
7477,228116
7477,227769
7585,227769
7585,228116
7637,228116
7637,227769
7745,227769
7745,228116
7797,228116
7797,227769
7905,227769
7905,228116
7957,228116
7957,227769
8065,227769
8065,228116
8397,228116
8397,228036
8317,228036
8317,227652
8397,227652
8397,227572
7782,227572
7782,227732
6731,227732
6731,228492
6571,228492
6571,227732
5519,227732
5519,227572
4582,227572
4582,227732
3531,227732
3531,228492
3371,228492
3371,227732
2319,227732
2319,227572
1014,227572
1014,227476
8459,227476
8459,227364
8477,227364
8477,227044
8459,227044
8459,226932
8065,226932
8065,227279
7957,227279
7957,226932
7905,226932
7905,227279
7797,227279
7797,226932
7745,226932
7745,227279
7637,227279
7637,226932
7585,226932
7585,227279
7477,227279
7477,226932
7425,226932
7425,227279
7317,227279
7317,226932
7265,226932
7265,227279
7157,227279
7157,226932
7105,226932
7105,227279
6997,227279
6997,226932
6945,226932
6945,227380
6357,227380
6357,226932
6305,226932
6305,227279
6197,227279
6197,226932
6145,226932
6145,227279
6037,227279
6037,226932
5985,226932
5985,227279
5877,227279
5877,226932
5825,226932
5825,227279
5717,227279
5717,226932
5665,226932
5665,227279
5557,227279
5557,226932
5505,226932
5505,227279
5397,227279
5397,226932
5345,226932
5345,227279
5237,227279
5237,226932
4865,226932
4865,227279
4757,227279
4757,226932
4705,226932
4705,227279
4597,227279
4597,226932
4545,226932
4545,227279
4437,227279
4437,226932
4385,226932
4385,227279
4277,227279
4277,226932
4225,226932
4225,227279
4117,227279
4117,226932
4065,226932
4065,227279
3957,227279
3957,226932
3905,226932
3905,227279
3797,227279
3797,226932
3745,226932
3745,227380
3157,227380
3157,226932
3105,226932
3105,227279
2997,227279
2997,226932
2945,226932
2945,227279
2837,227279
2837,226932
2785,226932
2785,227279
2677,227279
2677,226932
2625,226932
2625,227279
2517,227279
2517,226932
2465,226932
2465,227279
2357,227279
2357,226932
2305,226932
2305,227279
2197,227279
2197,226932
2145,226932
2145,227279
2037,227279
2037,226932
1014,226932
1014,226836
2037,226836
2037,226489
2145,226489
2145,226836
2197,226836
2197,226489
2305,226489
2305,226836
2357,226836
2357,226489
2465,226489
2465,226836
2517,226836
2517,226489
2625,226489
2625,226836
2677,226836
2677,226489
2785,226489
2785,226836
2837,226836
2837,226489
2945,226489
2945,226836
2997,226836
2997,226489
3105,226489
3105,226836
3157,226836
3157,226489
3265,226489
3265,227252
3637,227252
3637,226489
3745,226489
3745,226836
3797,226836
3797,226489
3905,226489
3905,226836
3957,226836
3957,226489
4065,226489
4065,226836
4117,226836
4117,226489
4225,226489
4225,226836
4277,226836
4277,226489
4385,226489
4385,226836
4437,226836
4437,226489
4545,226489
4545,226836
4597,226836
4597,226489
4705,226489
4705,226836
4757,226836
4757,226489
4865,226489
4865,226836
5237,226836
5237,226489
5345,226489
5345,226836
5397,226836
5397,226489
5505,226489
5505,226836
5557,226836
5557,226489
5665,226489
5665,226836
5717,226836
5717,226489
5825,226489
5825,226836
5877,226836
5877,226489
5985,226489
5985,226836
6037,226836
6037,226489
6145,226489
6145,226836
6197,226836
6197,226489
6305,226489
6305,226836
6357,226836
6357,226489
6465,226489
6465,227252
6837,227252
6837,226489
6945,226489
6945,226836
6997,226836
6997,226489
7105,226489
7105,226836
7157,226836
7157,226489
7265,226489
7265,226836
7317,226836
7317,226489
7425,226489
7425,226836
7477,226836
7477,226489
7585,226489
7585,226836
7637,226836
7637,226489
7745,226489
7745,226836
7797,226836
7797,226489
7905,226489
7905,226836
7957,226836
7957,226489
8065,226489
8065,226836
8894,226836
8894,226740
9117,226740
9117,226732
8877,226732
8877,226396
8974,226396
8974,226388
8894,226388
8894,226292
7782,226292
7782,226452
6731,226452
6731,227212
6571,227212
6571,226452
5519,226452
5519,226292
4582,226292
4582,226452
3531,226452
3531,227212
3371,227212
3371,226452
2319,226452
2319,226292
1014,226292
1014,226196
2340,226196
2340,226044
2317,226044
2317,225804
2334,225804
2334,225652
1014,225652
1014,225556
1997,225556
1997,225476
1917,225476
1917,225092
1997,225092
1997,225012
1014,225012
1014,224916
1997,224916
1997,224836
1917,224836
1917,224452
1997,224452
1997,224372
1014,224372
1014,224276
1997,224276
1997,224196
1917,224196
1917,223812
1997,223812
1997,223732
1014,223732
1014,223636
1997,223636
1997,223556
1917,223556
1917,223172
1997,223172
1997,223092
1014,223092
1014,222996
1997,222996
1997,222916
1917,222916
1917,222532
1997,222532
1997,222452
1014,222452
1014,222356
1997,222356
1997,222276
1917,222276
1917,221892
1997,221892
1997,221812
1014,221812
1014,221716
1997,221716
1997,221636
1917,221636
1917,221252
1997,221252
1997,221172
1014,221172
1014,221076
1997,221076
1997,220996
1917,220996
1917,220612
1997,220612
1997,220532
1014,220532
1014,220436
1997,220436
1997,220356
1917,220356
1917,219972
1997,219972
1997,219892
1014,219892
1014,219796
1997,219796
1997,219716
1917,219716
1917,219332
1997,219332
1997,219252
1014,219252
1014,219156
1997,219156
1997,219076
1917,219076
1917,218692
1997,218692
1997,218612
1014,218612
1014,218516
1997,218516
1997,218436
1917,218436
1917,218052
1997,218052
1997,217972
1014,217972
1014,217876
1899,217876
1899,217764
1917,217764
1917,217444
1899,217444
1899,217332
1014,217332
1014,217236
1997,217236
1997,217156
1917,217156
1917,216772
1997,216772
1997,216692
1014,216692
1014,216596
1899,216596
1899,216484
1917,216484
1917,216164
1899,216164
1899,216052
1014,216052
1014,215956
1899,215956
1899,215844
1917,215844
1917,215524
1899,215524
1899,215412
1014,215412
1014,215316
1899,215316
1899,215204
1917,215204
1917,214884
1899,214884
1899,214772
1014,214772
1014,214676
1899,214676
1899,214564
1917,214564
1917,214244
1899,214244
1899,214132
1014,214132
1014,214036
1899,214036
1899,213924
1917,213924
1917,213604
1899,213604
1899,213492
1014,213492
1014,213396
1997,213396
1997,213316
1917,213316
1917,212932
1997,212932
1997,212852
1014,212852
1014,212756
1997,212756
1997,212676
1917,212676
1917,212292
1997,212292
1997,212212
1014,212212
1014,212116
8397,212116
8397,212036
8317,212036
8317,211652
8397,211652
8397,211572
8065,211572
8065,211919
7957,211919
7957,211572
7905,211572
7905,211919
7797,211919
7797,211572
7745,211572
7745,211919
7637,211919
7637,211572
7585,211572
7585,211919
7477,211919
7477,211572
7425,211572
7425,211919
7317,211919
7317,211572
7265,211572
7265,211919
7157,211919
7157,211572
7105,211572
7105,211919
6997,211919
6997,211572
6945,211572
6945,212020
6357,212020
6357,211572
6305,211572
6305,211919
6197,211919
6197,211572
6145,211572
6145,211919
6037,211919
6037,211572
5985,211572
5985,211919
5877,211919
5877,211572
5825,211572
5825,211919
5717,211919
5717,211572
5665,211572
5665,211919
5557,211919
5557,211572
5505,211572
5505,211919
5397,211919
5397,211572
5345,211572
5345,211919
5237,211919
5237,211572
4865,211572
4865,211919
4757,211919
4757,211572
4705,211572
4705,211919
4597,211919
4597,211572
4545,211572
4545,211919
4437,211919
4437,211572
4385,211572
4385,211919
4277,211919
4277,211572
4225,211572
4225,211919
4117,211919
4117,211572
4065,211572
4065,211919
3957,211919
3957,211572
3905,211572
3905,211919
3797,211919
3797,211572
3745,211572
3745,212020
3157,212020
3157,211572
3105,211572
3105,211919
2997,211919
2997,211572
2945,211572
2945,211919
2837,211919
2837,211572
2785,211572
2785,211919
2677,211919
2677,211572
2625,211572
2625,211919
2517,211919
2517,211572
2465,211572
2465,211919
2357,211919
2357,211572
2305,211572
2305,211919
2197,211919
2197,211572
2145,211572
2145,211919
2037,211919
2037,211572
1014,211572
1014,211476
2037,211476
2037,211129
2145,211129
2145,211476
2197,211476
2197,211129
2305,211129
2305,211476
2357,211476
2357,211129
2465,211129
2465,211476
2517,211476
2517,211129
2625,211129
2625,211476
2677,211476
2677,211129
2785,211129
2785,211476
2837,211476
2837,211129
2945,211129
2945,211476
2997,211476
2997,211129
3105,211129
3105,211476
3157,211476
3157,211129
3265,211129
3265,211892
3637,211892
3637,211129
3745,211129
3745,211476
3797,211476
3797,211129
3905,211129
3905,211476
3957,211476
3957,211129
4065,211129
4065,211476
4117,211476
4117,211129
4225,211129
4225,211476
4277,211476
4277,211129
4385,211129
4385,211476
4437,211476
4437,211129
4545,211129
4545,211476
4597,211476
4597,211129
4705,211129
4705,211476
4757,211476
4757,211129
4865,211129
4865,211476
5237,211476
5237,211129
5345,211129
5345,211476
5397,211476
5397,211129
5505,211129
5505,211476
5557,211476
5557,211129
5665,211129
5665,211476
5717,211476
5717,211129
5825,211129
5825,211476
5877,211476
5877,211129
5985,211129
5985,211476
6037,211476
6037,211129
6145,211129
6145,211476
6197,211476
6197,211129
6305,211129
6305,211476
6357,211476
6357,211129
6465,211129
6465,211892
6837,211892
6837,211129
6945,211129
6945,211476
6997,211476
6997,211129
7105,211129
7105,211476
7157,211476
7157,211129
7265,211129
7265,211476
7317,211476
7317,211129
7425,211129
7425,211476
7477,211476
7477,211129
7585,211129
7585,211476
7637,211476
7637,211129
7745,211129
7745,211476
7797,211476
7797,211129
7905,211129
7905,211476
7957,211476
7957,211129
8065,211129
8065,211476
8397,211476
8397,211396
8317,211396
8317,211012
8397,211012
8397,210932
7782,210932
7782,211092
6731,211092
6731,211852
6571,211852
6571,211092
5519,211092
5519,210932
4582,210932
4582,211092
3531,211092
3531,211852
3371,211852
3371,211092
2319,211092
2319,210932
1014,210932
1014,210836
8397,210836
8397,210756
8317,210756
8317,210372
8397,210372
8397,210292
8065,210292
8065,210639
7957,210639
7957,210292
7905,210292
7905,210639
7797,210639
7797,210292
7745,210292
7745,210639
7637,210639
7637,210292
7585,210292
7585,210639
7477,210639
7477,210292
7425,210292
7425,210639
7317,210639
7317,210292
7265,210292
7265,210639
7157,210639
7157,210292
7105,210292
7105,210639
6997,210639
6997,210292
6945,210292
6945,210740
6357,210740
6357,210292
6305,210292
6305,210639
6197,210639
6197,210292
6145,210292
6145,210639
6037,210639
6037,210292
5985,210292
5985,210639
5877,210639
5877,210292
5825,210292
5825,210639
5717,210639
5717,210292
5665,210292
5665,210639
5557,210639
5557,210292
5505,210292
5505,210639
5397,210639
5397,210292
5345,210292
5345,210639
5237,210639
5237,210292
4865,210292
4865,210639
4757,210639
4757,210292
4705,210292
4705,210639
4597,210639
4597,210292
4545,210292
4545,210639
4437,210639
4437,210292
4385,210292
4385,210639
4277,210639
4277,210292
4225,210292
4225,210639
4117,210639
4117,210292
4065,210292
4065,210639
3957,210639
3957,210292
3905,210292
3905,210639
3797,210639
3797,210292
3745,210292
3745,210740
3157,210740
3157,210292
3105,210292
3105,210639
2997,210639
2997,210292
2945,210292
2945,210639
2837,210639
2837,210292
2785,210292
2785,210639
2677,210639
2677,210292
2625,210292
2625,210639
2517,210639
2517,210292
2465,210292
2465,210639
2357,210639
2357,210292
2305,210292
2305,210639
2197,210639
2197,210292
2145,210292
2145,210639
2037,210639
2037,210292
1014,210292
1014,210196
2037,210196
2037,209849
2145,209849
2145,210196
2197,210196
2197,209849
2305,209849
2305,210196
2357,210196
2357,209849
2465,209849
2465,210196
2517,210196
2517,209849
2625,209849
2625,210196
2677,210196
2677,209849
2785,209849
2785,210196
2837,210196
2837,209849
2945,209849
2945,210196
2997,210196
2997,209849
3105,209849
3105,210196
3157,210196
3157,209849
3265,209849
3265,210612
3637,210612
3637,209849
3745,209849
3745,210196
3797,210196
3797,209849
3905,209849
3905,210196
3957,210196
3957,209849
4065,209849
4065,210196
4117,210196
4117,209849
4225,209849
4225,210196
4277,210196
4277,209849
4385,209849
4385,210196
4437,210196
4437,209849
4545,209849
4545,210196
4597,210196
4597,209849
4705,209849
4705,210196
4757,210196
4757,209849
4865,209849
4865,210196
5237,210196
5237,209849
5345,209849
5345,210196
5397,210196
5397,209849
5505,209849
5505,210196
5557,210196
5557,209849
5665,209849
5665,210196
5717,210196
5717,209849
5825,209849
5825,210196
5877,210196
5877,209849
5985,209849
5985,210196
6037,210196
6037,209849
6145,209849
6145,210196
6197,210196
6197,209849
6305,209849
6305,210196
6357,210196
6357,209849
6465,209849
6465,210612
6837,210612
6837,209849
6945,209849
6945,210196
6997,210196
6997,209849
7105,209849
7105,210196
7157,210196
7157,209849
7265,209849
7265,210196
7317,210196
7317,209849
7425,209849
7425,210196
7477,210196
7477,209849
7585,209849
7585,210196
7637,210196
7637,209849
7745,209849
7745,210196
7797,210196
7797,209849
7905,209849
7905,210196
7957,210196
7957,209849
8065,209849
8065,210196
8397,210196
8397,210116
8317,210116
8317,209732
8397,209732
8397,209652
7782,209652
7782,209812
6731,209812
6731,210572
6571,210572
6571,209812
5519,209812
5519,209652
4582,209652
4582,209812
3531,209812
3531,210572
3371,210572
3371,209812
2319,209812
2319,209652
1014,209652
1014,209556
5197,209556
5197,209476
5117,209476
5117,209092
5197,209092
5197,209012
4865,209012
4865,209359
4757,209359
4757,209012
4705,209012
4705,209359
4597,209359
4597,209012
4545,209012
4545,209359
4437,209359
4437,209012
4385,209012
4385,209359
4277,209359
4277,209012
4225,209012
4225,209359
4117,209359
4117,209012
4065,209012
4065,209359
3957,209359
3957,209012
3905,209012
3905,209359
3797,209359
3797,209012
3745,209012
3745,209460
3157,209460
3157,209012
3105,209012
3105,209359
2997,209359
2997,209012
2945,209012
2945,209359
2837,209359
2837,209012
2785,209012
2785,209359
2677,209359
2677,209012
2625,209012
2625,209359
2517,209359
2517,209012
2465,209012
2465,209359
2357,209359
2357,209012
2305,209012
2305,209359
2197,209359
2197,209012
2145,209012
2145,209359
2037,209359
2037,209012
1014,209012
1014,208916
2037,208916
2037,208569
2145,208569
2145,208916
2197,208916
2197,208569
2305,208569
2305,208916
2357,208916
2357,208569
2465,208569
2465,208916
2517,208916
2517,208569
2625,208569
2625,208916
2677,208916
2677,208569
2785,208569
2785,208916
2837,208916
2837,208569
2945,208569
2945,208916
2997,208916
2997,208569
3105,208569
3105,208916
3157,208916
3157,208569
3265,208569
3265,209332
3637,209332
3637,208569
3745,208569
3745,208916
3797,208916
3797,208569
3905,208569
3905,208916
3957,208916
3957,208569
4065,208569
4065,208916
4117,208916
4117,208569
4225,208569
4225,208916
4277,208916
4277,208569
4385,208569
4385,208916
4437,208916
4437,208569
4545,208569
4545,208916
4597,208916
4597,208569
4705,208569
4705,208916
4757,208916
4757,208569
4865,208569
4865,208916
5197,208916
5197,208836
5117,208836
5117,208452
5197,208452
5197,208372
4582,208372
4582,208532
3531,208532
3531,209292
3371,209292
3371,208532
2319,208532
2319,208372
1014,208372
1014,208276
5197,208276
5197,208196
5117,208196
5117,207812
5197,207812
5197,207732
4865,207732
4865,208079
4757,208079
4757,207732
4705,207732
4705,208079
4597,208079
4597,207732
4545,207732
4545,208079
4437,208079
4437,207732
4385,207732
4385,208079
4277,208079
4277,207732
4225,207732
4225,208079
4117,208079
4117,207732
4065,207732
4065,208079
3957,208079
3957,207732
3905,207732
3905,208079
3797,208079
3797,207732
3745,207732
3745,208180
3157,208180
3157,207732
3105,207732
3105,208079
2997,208079
2997,207732
2945,207732
2945,208079
2837,208079
2837,207732
2785,207732
2785,208079
2677,208079
2677,207732
2625,207732
2625,208079
2517,208079
2517,207732
2465,207732
2465,208079
2357,208079
2357,207732
2305,207732
2305,208079
2197,208079
2197,207732
2145,207732
2145,208079
2037,208079
2037,207732
1014,207732
1014,207636
2037,207636
2037,207289
2145,207289
2145,207636
2197,207636
2197,207289
2305,207289
2305,207636
2357,207636
2357,207289
2465,207289
2465,207636
2517,207636
2517,207289
2625,207289
2625,207636
2677,207636
2677,207289
2785,207289
2785,207636
2837,207636
2837,207289
2945,207289
2945,207636
2997,207636
2997,207289
3105,207289
3105,207636
3157,207636
3157,207289
3265,207289
3265,208052
3637,208052
3637,207289
3745,207289
3745,207636
3797,207636
3797,207289
3905,207289
3905,207636
3957,207636
3957,207289
4065,207289
4065,207636
4117,207636
4117,207289
4225,207289
4225,207636
4277,207636
4277,207289
4385,207289
4385,207636
4437,207636
4437,207289
4545,207289
4545,207636
4597,207636
4597,207289
4705,207289
4705,207636
4757,207636
4757,207289
4865,207289
4865,207636
5197,207636
5197,207556
5117,207556
5117,207172
5197,207172
5197,207092
4582,207092
4582,207252
3531,207252
3531,208012
3371,208012
3371,207252
2319,207252
2319,207092
1014,207092
1014,206996
5197,206996
5197,206916
5117,206916
5117,206532
5197,206532
5197,206452
4865,206452
4865,206799
4757,206799
4757,206452
4705,206452
4705,206799
4597,206799
4597,206452
4545,206452
4545,206799
4437,206799
4437,206452
4385,206452
4385,206799
4277,206799
4277,206452
4225,206452
4225,206799
4117,206799
4117,206452
4065,206452
4065,206799
3957,206799
3957,206452
3905,206452
3905,206799
3797,206799
3797,206452
3745,206452
3745,206900
3157,206900
3157,206452
3105,206452
3105,206799
2997,206799
2997,206452
2945,206452
2945,206799
2837,206799
2837,206452
2785,206452
2785,206799
2677,206799
2677,206452
2625,206452
2625,206799
2517,206799
2517,206452
2465,206452
2465,206799
2357,206799
2357,206452
2305,206452
2305,206799
2197,206799
2197,206452
2145,206452
2145,206799
2037,206799
2037,206452
1014,206452
1014,206356
2037,206356
2037,206009
2145,206009
2145,206356
2197,206356
2197,206009
2305,206009
2305,206356
2357,206356
2357,206009
2465,206009
2465,206356
2517,206356
2517,206009
2625,206009
2625,206356
2677,206356
2677,206009
2785,206009
2785,206356
2837,206356
2837,206009
2945,206009
2945,206356
2997,206356
2997,206009
3105,206009
3105,206356
3157,206356
3157,206009
3265,206009
3265,206772
3637,206772
3637,206009
3745,206009
3745,206356
3797,206356
3797,206009
3905,206009
3905,206356
3957,206356
3957,206009
4065,206009
4065,206356
4117,206356
4117,206009
4225,206009
4225,206356
4277,206356
4277,206009
4385,206009
4385,206356
4437,206356
4437,206009
4545,206009
4545,206356
4597,206356
4597,206009
4705,206009
4705,206356
4757,206356
4757,206009
4865,206009
4865,206356
5197,206356
5197,206276
5117,206276
5117,205892
5197,205892
5197,205812
4582,205812
4582,205972
3531,205972
3531,206732
3371,206732
3371,205972
2319,205972
2319,205812
1014,205812
1014,205716
8397,205716
8397,205636
8317,205636
8317,205252
8397,205252
8397,205172
8065,205172
8065,205519
7957,205519
7957,205172
7905,205172
7905,205519
7797,205519
7797,205172
7745,205172
7745,205519
7637,205519
7637,205172
7585,205172
7585,205519
7477,205519
7477,205172
7425,205172
7425,205519
7317,205519
7317,205172
7265,205172
7265,205519
7157,205519
7157,205172
7105,205172
7105,205519
6997,205519
6997,205172
6945,205172
6945,205620
6357,205620
6357,205172
6305,205172
6305,205519
6197,205519
6197,205172
6145,205172
6145,205519
6037,205519
6037,205172
5985,205172
5985,205519
5877,205519
5877,205172
5825,205172
5825,205519
5717,205519
5717,205172
5665,205172
5665,205519
5557,205519
5557,205172
5505,205172
5505,205519
5397,205519
5397,205172
5345,205172
5345,205519
5237,205519
5237,205172
4865,205172
4865,205519
4757,205519
4757,205172
4705,205172
4705,205519
4597,205519
4597,205172
4545,205172
4545,205519
4437,205519
4437,205172
4385,205172
4385,205519
4277,205519
4277,205172
4225,205172
4225,205519
4117,205519
4117,205172
4065,205172
4065,205519
3957,205519
3957,205172
3905,205172
3905,205519
3797,205519
3797,205172
3745,205172
3745,205620
3157,205620
3157,205172
3105,205172
3105,205519
2997,205519
2997,205172
2945,205172
2945,205519
2837,205519
2837,205172
2785,205172
2785,205519
2677,205519
2677,205172
2625,205172
2625,205519
2517,205519
2517,205172
2465,205172
2465,205519
2357,205519
2357,205172
2305,205172
2305,205519
2197,205519
2197,205172
2145,205172
2145,205519
2037,205519
2037,205172
1014,205172
1014,205076
2037,205076
2037,204729
2145,204729
2145,205076
2197,205076
2197,204729
2305,204729
2305,205076
2357,205076
2357,204729
2465,204729
2465,205076
2517,205076
2517,204729
2625,204729
2625,205076
2677,205076
2677,204729
2785,204729
2785,205076
2837,205076
2837,204729
2945,204729
2945,205076
2997,205076
2997,204729
3105,204729
3105,205076
3157,205076
3157,204729
3265,204729
3265,205492
3637,205492
3637,204729
3745,204729
3745,205076
3797,205076
3797,204729
3905,204729
3905,205076
3957,205076
3957,204729
4065,204729
4065,205076
4117,205076
4117,204729
4225,204729
4225,205076
4277,205076
4277,204729
4385,204729
4385,205076
4437,205076
4437,204729
4545,204729
4545,205076
4597,205076
4597,204729
4705,204729
4705,205076
4757,205076
4757,204729
4865,204729
4865,205076
5237,205076
5237,204729
5345,204729
5345,205076
5397,205076
5397,204729
5505,204729
5505,205076
5557,205076
5557,204729
5665,204729
5665,205076
5717,205076
5717,204729
5825,204729
5825,205076
5877,205076
5877,204729
5985,204729
5985,205076
6037,205076
6037,204729
6145,204729
6145,205076
6197,205076
6197,204729
6305,204729
6305,205076
6357,205076
6357,204729
6465,204729
6465,205492
6837,205492
6837,204729
6945,204729
6945,205076
6997,205076
6997,204729
7105,204729
7105,205076
7157,205076
7157,204729
7265,204729
7265,205076
7317,205076
7317,204729
7425,204729
7425,205076
7477,205076
7477,204729
7585,204729
7585,205076
7637,205076
7637,204729
7745,204729
7745,205076
7797,205076
7797,204729
7905,204729
7905,205076
7957,205076
7957,204729
8065,204729
8065,205076
8397,205076
8397,204996
8317,204996
8317,204612
8397,204612
8397,204532
7782,204532
7782,204692
6731,204692
6731,205452
6571,205452
6571,204692
5519,204692
5519,204532
4582,204532
4582,204692
3531,204692
3531,205452
3371,205452
3371,204692
2319,204692
2319,204532
1014,204532
1014,204436
8397,204436
8397,204356
8317,204356
8317,203972
8397,203972
8397,203892
8065,203892
8065,204239
7957,204239
7957,203892
7905,203892
7905,204239
7797,204239
7797,203892
7745,203892
7745,204239
7637,204239
7637,203892
7585,203892
7585,204239
7477,204239
7477,203892
7425,203892
7425,204239
7317,204239
7317,203892
7265,203892
7265,204239
7157,204239
7157,203892
7105,203892
7105,204239
6997,204239
6997,203892
6945,203892
6945,204340
6357,204340
6357,203892
6305,203892
6305,204239
6197,204239
6197,203892
6145,203892
6145,204239
6037,204239
6037,203892
5985,203892
5985,204239
5877,204239
5877,203892
5825,203892
5825,204239
5717,204239
5717,203892
5665,203892
5665,204239
5557,204239
5557,203892
5505,203892
5505,204239
5397,204239
5397,203892
5345,203892
5345,204239
5237,204239
5237,203892
4865,203892
4865,204239
4757,204239
4757,203892
4705,203892
4705,204239
4597,204239
4597,203892
4545,203892
4545,204239
4437,204239
4437,203892
4385,203892
4385,204239
4277,204239
4277,203892
4225,203892
4225,204239
4117,204239
4117,203892
4065,203892
4065,204239
3957,204239
3957,203892
3905,203892
3905,204239
3797,204239
3797,203892
3745,203892
3745,204340
3157,204340
3157,203892
3105,203892
3105,204239
2997,204239
2997,203892
2945,203892
2945,204239
2837,204239
2837,203892
2785,203892
2785,204239
2677,204239
2677,203892
2625,203892
2625,204239
2517,204239
2517,203892
2465,203892
2465,204239
2357,204239
2357,203892
2305,203892
2305,204239
2197,204239
2197,203892
2145,203892
2145,204239
2037,204239
2037,203892
1014,203892
1014,203796
2037,203796
2037,203449
2145,203449
2145,203796
2197,203796
2197,203449
2305,203449
2305,203796
2357,203796
2357,203449
2465,203449
2465,203796
2517,203796
2517,203449
2625,203449
2625,203796
2677,203796
2677,203449
2785,203449
2785,203796
2837,203796
2837,203449
2945,203449
2945,203796
2997,203796
2997,203449
3105,203449
3105,203796
3157,203796
3157,203449
3265,203449
3265,204212
3637,204212
3637,203449
3745,203449
3745,203796
3797,203796
3797,203449
3905,203449
3905,203796
3957,203796
3957,203449
4065,203449
4065,203796
4117,203796
4117,203449
4225,203449
4225,203796
4277,203796
4277,203449
4385,203449
4385,203796
4437,203796
4437,203449
4545,203449
4545,203796
4597,203796
4597,203449
4705,203449
4705,203796
4757,203796
4757,203449
4865,203449
4865,203796
5237,203796
5237,203449
5345,203449
5345,203796
5397,203796
5397,203449
5505,203449
5505,203796
5557,203796
5557,203449
5665,203449
5665,203796
5717,203796
5717,203449
5825,203449
5825,203796
5877,203796
5877,203449
5985,203449
5985,203796
6037,203796
6037,203449
6145,203449
6145,203796
6197,203796
6197,203449
6305,203449
6305,203796
6357,203796
6357,203449
6465,203449
6465,204212
6837,204212
6837,203449
6945,203449
6945,203796
6997,203796
6997,203449
7105,203449
7105,203796
7157,203796
7157,203449
7265,203449
7265,203796
7317,203796
7317,203449
7425,203449
7425,203796
7477,203796
7477,203449
7585,203449
7585,203796
7637,203796
7637,203449
7745,203449
7745,203796
7797,203796
7797,203449
7905,203449
7905,203796
7957,203796
7957,203449
8065,203449
8065,203796
8494,203796
8494,203700
8717,203700
8717,203692
8477,203692
8477,203356
8574,203356
8574,203348
8494,203348
8494,203252
7782,203252
7782,203412
6731,203412
6731,204172
6571,204172
6571,203412
5519,203412
5519,203252
4582,203252
4582,203412
3531,203412
3531,204172
3371,204172
3371,203412
2319,203412
2319,203252
1014,203252
1014,203156
5197,203156
5197,203076
5117,203076
5117,202692
5197,202692
5197,202612
4865,202612
4865,202959
4757,202959
4757,202612
4705,202612
4705,202959
4597,202959
4597,202612
4545,202612
4545,202959
4437,202959
4437,202612
4385,202612
4385,202959
4277,202959
4277,202612
4225,202612
4225,202959
4117,202959
4117,202612
4065,202612
4065,202959
3957,202959
3957,202612
3905,202612
3905,202959
3797,202959
3797,202612
3745,202612
3745,203060
3157,203060
3157,202612
3105,202612
3105,202959
2997,202959
2997,202612
2945,202612
2945,202959
2837,202959
2837,202612
2785,202612
2785,202959
2677,202959
2677,202612
2625,202612
2625,202959
2517,202959
2517,202612
2465,202612
2465,202959
2357,202959
2357,202612
2305,202612
2305,202959
2197,202959
2197,202612
2145,202612
2145,202959
2037,202959
2037,202612
1014,202612
1014,202516
2037,202516
2037,202169
2145,202169
2145,202516
2197,202516
2197,202169
2305,202169
2305,202516
2357,202516
2357,202169
2465,202169
2465,202516
2517,202516
2517,202169
2625,202169
2625,202516
2677,202516
2677,202169
2785,202169
2785,202516
2837,202516
2837,202169
2945,202169
2945,202516
2997,202516
2997,202169
3105,202169
3105,202516
3157,202516
3157,202169
3265,202169
3265,202932
3637,202932
3637,202169
3745,202169
3745,202516
3797,202516
3797,202169
3905,202169
3905,202516
3957,202516
3957,202169
4065,202169
4065,202516
4117,202516
4117,202169
4225,202169
4225,202516
4277,202516
4277,202169
4385,202169
4385,202516
4437,202516
4437,202169
4545,202169
4545,202516
4597,202516
4597,202169
4705,202169
4705,202516
4757,202516
4757,202169
4865,202169
4865,202516
5197,202516
5197,202436
5117,202436
5117,202052
5197,202052
5197,201972
4582,201972
4582,202132
3531,202132
3531,202892
3371,202892
3371,202132
2319,202132
2319,201972
1014,201972
1014,201876
5197,201876
5197,201796
5117,201796
5117,201412
5197,201412
5197,201332
4865,201332
4865,201679
4757,201679
4757,201332
4705,201332
4705,201679
4597,201679
4597,201332
4545,201332
4545,201679
4437,201679
4437,201332
4385,201332
4385,201679
4277,201679
4277,201332
4225,201332
4225,201679
4117,201679
4117,201332
4065,201332
4065,201679
3957,201679
3957,201332
3905,201332
3905,201679
3797,201679
3797,201332
3745,201332
3745,201780
3157,201780
3157,201332
3105,201332
3105,201679
2997,201679
2997,201332
2945,201332
2945,201679
2837,201679
2837,201332
2785,201332
2785,201679
2677,201679
2677,201332
2625,201332
2625,201679
2517,201679
2517,201332
2465,201332
2465,201679
2357,201679
2357,201332
2305,201332
2305,201679
2197,201679
2197,201332
2145,201332
2145,201679
2037,201679
2037,201332
1014,201332
1014,201236
2037,201236
2037,200889
2145,200889
2145,201236
2197,201236
2197,200889
2305,200889
2305,201236
2357,201236
2357,200889
2465,200889
2465,201236
2517,201236
2517,200889
2625,200889
2625,201236
2677,201236
2677,200889
2785,200889
2785,201236
2837,201236
2837,200889
2945,200889
2945,201236
2997,201236
2997,200889
3105,200889
3105,201236
3157,201236
3157,200889
3265,200889
3265,201652
3637,201652
3637,200889
3745,200889
3745,201236
3797,201236
3797,200889
3905,200889
3905,201236
3957,201236
3957,200889
4065,200889
4065,201236
4117,201236
4117,200889
4225,200889
4225,201236
4277,201236
4277,200889
4385,200889
4385,201236
4437,201236
4437,200889
4545,200889
4545,201236
4597,201236
4597,200889
4705,200889
4705,201236
4757,201236
4757,200889
4865,200889
4865,201236
5197,201236
5197,201156
5117,201156
5117,200772
5197,200772
5197,200692
4582,200692
4582,200852
3531,200852
3531,201612
3371,201612
3371,200852
2319,200852
2319,200692
1014,200692
1014,200596
5197,200596
5197,200516
5117,200516
5117,200132
5197,200132
5197,200052
4865,200052
4865,200399
4757,200399
4757,200052
4705,200052
4705,200399
4597,200399
4597,200052
4545,200052
4545,200399
4437,200399
4437,200052
4385,200052
4385,200399
4277,200399
4277,200052
4225,200052
4225,200399
4117,200399
4117,200052
4065,200052
4065,200399
3957,200399
3957,200052
3905,200052
3905,200399
3797,200399
3797,200052
3745,200052
3745,200500
3157,200500
3157,200052
3105,200052
3105,200399
2997,200399
2997,200052
2945,200052
2945,200399
2837,200399
2837,200052
2785,200052
2785,200399
2677,200399
2677,200052
2625,200052
2625,200399
2517,200399
2517,200052
2465,200052
2465,200399
2357,200399
2357,200052
2305,200052
2305,200399
2197,200399
2197,200052
2145,200052
2145,200399
2037,200399
2037,200052
1014,200052
1014,200000
0,200000